1458810
2674996
1686027
1458606
2203499
2873453
418279
418390
2020494
1702976
3366900
3254969
418734
101109
1455253
801400
228869
98825
2570651
4531848
3384079
12664
3012339
1073273
1350756
3643400
4900190
3255712
3601781
280710
3340282
3650
2444602
35468
29978
11106
422353
504412
3066070
9170
1685374
850256
1435255
2910403
425912
2117944
488563
3583738
661953
2138084
1181
3771562
95529
1676189
3661246
585760
1202140
2584773
66854
4755447
547193
814027
4952570
456768
2031803
633721
8755
42394
2671846
159098
1175775
159076
636996
1065593
39491
4918
4278447
376
438569
432514
17206
1691826
1027514
4755494
1077045
1312331
44196
2683924
426246
4071464
565358
929650
98218
811509
872892
3885
1212994
187860
215275
522675
4747120
101482
2865
30278
1685464
1752804
378044
4082298
2679888
419594
1458230
1878790
421309
4888371
211774
1311011
3594187
1064588
180957
4884225
1319902
438188
32
2932530
801457
5507
432107
424565
1069597
3068760
3574633
2734775
101425
12688
240065
438507
1476045
552335
2093
3248667
865888
663567
1064844
47864
50258
98801
432088
2779969
3393160
504381
3068520
989156
996755
3337928
1354053
207599
1713142
2735846
217730
417978
3359169
265962
810952
462862
3248774
527158
4856390
281945
4903834
3366315
2632769
425914
4280629
1066263
1711154
3193834
56291
1320147
15976
141882
158363
11661
2021586
549207
493307
4891695
4726573
1066112
557295
3016826
1796034
638642
2308991
380490
4849595
40005
204285
1708237
3654299
3255906
3255330
47957
587863
438078
430140
4929858
4681
41497
580106
1217750
1507314
30744
15968
390237
592142
2497971
2734046
211768
99385
984437
218899
1460042
871267
3676997
4884625
4528364
2429384
2809904
225177
2910369
11094
5283
1700623
981320
4688174
812506
10870
5983
3026522
3391481
50794
1710415
39640
4879915
835648
218140
43493
55870
2580866
989112
4890703
14236
4710849
209991
3043757
788800
388959
2780478
1645832
4874762
627666
128945
4947239
4967701
3354605
2046723
776889
255278
3030625
1167965
284280
367325
227105
3031521
3711491
717720
774695
4822760
2893012
4917167
142462
506353
2645072
4963022
3030104
4917893
3352359
3059517
916799
465060
3030467
3036262
3354086
4899529
506081
2781422
1463720
3031851
295714
1739007
516146
2054274
1434580
366032
2153456
4534221
730517
3341651
3036133
4909517
2645699
1064092
728248
2067730
739247
3348075
323349
668686
392352
784724
716478
1165516
964506
541429
2988550
256530
713107
474984
469217
2642443
2049463
2645586
365820
1178581
1255380
3046150
4316004
506802
4862932
4930958
4905929
508832
787261
1286842
4951525
1562012
299786
2040629
226748
776488
3342062
720735
4821461
791077
810278
4872174
4953809
285149
4906339
4965723
1498712
777874
4913301
3048036
4683629
4941466
4075447
3728772
2874516
568908
445900
4905912
415733
4944978
3025313
4753494
2647823
2275563
588245
2228505
345411
4903843
96121
1633581
4926634
3773061
3061500
3041714
4944841
787528
309613
745742
3652619
3031351
240406
4955498
791956
258488
4963478
3352242
356662
716229
2652625
129871
347923
283797
715565
791320
512007
1806333
1593411
1593000
241984
211560
4961273
1586727
1913121
324152
381851
2415902
919546
3053739
4085820
3043286
1166867
4974454
1167553
3039957
711935
1654447
3257487
715489
4683902
1166755
3053297
465610
4905404
1525525
3051844
846000
796966
215817
304470
4901646
128902
260393
1565679
730720
339263
4943396
434302
513673
1931217
35608
4754485
763326
259227
4958643
3037180
4961774
682450
856422
710158
294285
1601291
3348645
1437802
380213
3052728
2706375
3046733
457419
773117
463665
4951235
1379185
357082
906041
781382
238305
95642
130589
367046
2191307
769268
3036542
1647833
2645505
735071
282033
561299
262453
727410
682392
1598760
3351737
392111
3257453
256459
300357
255341
1057456
3034537
4727956
1682067
4725746
3058049
777587
745622
781496
4513643
3030912
3040293
3357906
959775
4935707
356365
4024815
738257
4942928
780112
721128
1174955
257265
714060
726425
4914932
703231
2128094
2985776
777983
1604187
1164714
1920466
515401
777360
2642578
3053314
3029118
4894826
4951339
767223
4964501
2639434
4898505
4722175
389686
3035006
1330602
4911873
791304
3350177
3345864
4948927
4970891
403589
4931908
3051355
320626
771321
1977746
862933
4311507
3773018
3045659
3034347
586783
3059380
2912383
235392
506832
771943
2638432
791139
709700
3057659
916970
4853779
235427
3042401
783463
2660527
3033050
712128
3022142
4700521
4918141
1164728
3035582
719864
4966581
2131761
4937579
2732456
240405
4795870
582462
1192458
851962
1551865
4901359
1235804
2221257
226789
652464
3348932
2681225
461894
4280928
770902
4933072
2700498
385027
835625
2650637
4892825
767719
788315
1628753
4954856
4900863
768445
760228
2038370
771858
2052152
771454
883906
1133100
791157
4941138
4301081
1558619
788517
4948431
720821
255323
3045838
2725468
282010
4897469
2681596
773366
260003
2036364
787165
167629
2980977
3030778
2568040
710370
329525
3057963
2570779
3048062
93362
1326218
1585716
338553
2653288
435019
334036
2647614
425237
408293
512128
3040057
3030416
4972121
710823
3903672
721323
44473
484747
508103
732698
4896476
788433
283150
777818
461091
345839
4969852
650618
2896011
4965126
3059961
1015749
669742
724713
3041029
3043848
2706678
158583
472890
4857590
771516
3044802
416425
3347952
137755
1314862
199119
822918
515467
389253
788019
345607
767839
2661040
964490
4924364
3043731
709102
3356185
4931023
1643018
511568
260592
1335541
847010
475644
1203533
1796666
4925129
4973921
4923994
3041500
3910073
3354606
789840
129739
509568
3388186
2834303
800181
459204
577971
1304746
93921
715723
4820785
728977
3250575
1167147
779318
3047856
3030364
1092082
4970822
769876
4959705
745686
2719644
1316558
2815533
1164412
3042875
2050477
780466
3034226
1643057
538281
1599570
3039871
263318
3052093
789457
138830
4970202
1167978
2653290
2718009
3050634
4872599
3911574
2698159
734630
572074
1598749
3030385
4684001
773030
4918647
1283547
517908
210624
1139282
532674
4973416
331085
262253
4906029
4908757
1278958
1166818
4953082
2140157
708018
1301823
2639784
93292
3353646
722169
697861
697311
466904
2851379
4945751
742710
1680203
775735
436316
1206531
3053481
789913
4916184
3034732
3054727
4952027
919874
2901938
852037
743989
4075139
3057735
3036183
3048182
3029433
4911211
2644228
2126565
680903
800240
1208386
4705987
3036504
3042931
490830
4894391
391033
2420721
2855666
380440
1430884
716531
2044927
1701195
714792
709545
388549
1293554
2150259
1178170
2638427
356037
2638127
4936177
1012585
1655231
3897941
2076132
4959554
1164547
3349293
644204
3045448
3072243
923163
3055614
403991
3911366
2578963
3044166
262785
4962860
17187
1047968
372543
4960384
1706585
402164
2138401
2580873
3340918
3242450
30685
1343184
2138176
1327536
636211
2444045
1066974
3250077
812372
987407
2500193
643601
1746471
3775079
590731
2706934
636059
3888801
4857594
666553
9521
4833
551563
3024263
16868
3600264
283474
1297689
4533317
1064587
21815
859348
1067210
21406
2910218
836280
48497
489075
4927568
1723021
552329
558118
4971373
2431415
100183
1701517
224743
555549
3256739
158960
4819995
3398709
1324564
1679489
188827
433394
21522
974174
2449619
280136
203845
984925
1484602
4087126
3897624
1320200
4710812
3255623
565657
3658353
2922434
1326908
4525818
4901207
217146
665874
209129
548645
1744356
159514
2201215
804311
2009301
4718392
974523
617839
599020
3340524
2735661
3233359
426448
4888401
627204
548931
3773760
557116
2179139
429567
14770
3597899
35466
3235
590691
576400
1329904
4879916
3393505
13752
100635
488616
4946538
625117
48395
92225
372516
738164
2990690
1642677
1576525
1528404
3050706
742891
1632014
1604617
2749737
2706298
3640229
4974132
2829303
2094543
725682
3017480
1108351
899045
4784438
4792100
1636277
4773402
2719790
2852393
1985209
529536
511318
2813554
2745055
1635778
2141935
2967991
463066
975615
1617577
2944065
4935930
1647336
795506
1329656
4705069
4683705
1139220
2844499
2842679
740168
1966955
1188180
1453251
3035682
2062819
2900374
4811290
1551643
2942708
2787388
1575926
1994603
2755012
3769011
328427
2714417
917304
2114633
3710655
699212
4696139
2838475
4965984
1579819
4908922
1643441
3031397
36059
4735967
2859594
2865411
4734180
681057
4895629
1169138
1671950
1121003
2928907
4943068
2964340
2972416
785820
1564783
1627682
3641431
309307
709134
2744472
3679297
510980
1958029
1579927
1169534
1241854
4928272
1642035
1970262
515514
2781558
3717377
1901487
4956015
4932459
1612333
2913896
239279
1643006
772977
478175
739731
2197179
1951610
3051000
1575927
1141987
2959912
3044275
2140593
1291122
3707610
738577
42534
2735501
1965906
2104831
3613129
2970641
3714421
2700302
2180063
2050078
2049613
747490
3670260
1253281
2932859
2965815
2023311
1895580
4714150
1902248
3061492
4732687
2960764
324252
4927334
2937286
1605024
385919
1990429
2936970
1996881
724712
4735175
4695067
682180
2917686
1144656
2135325
3022871
923148
3701091
2984057
2058535
2189322
704569
2822574
1610364
1627033
1662225
2803877
1389434
1651008
1081468
1941468
3673285
3690960
2923034
3048894
1518139
4955819
1091131
1285250
2921967
1919649
1539756
2976286
1648214
1614987
4696396
3619938
2695749
2989888
1672816
2738903
3748938
1055098
4892176
2904617
1599427
2802955
2713515
1590740
756775
1118270
2158229
1151637
2864350
1635638
1084852
4953394
3021275
975362
2719020
2161609
4754094
1524973
991545
2969823
2954319
1991541
822946
4725654
2109131
1605943
2939823
1630739
1078245
507930
3034807
391367
3007771
45939
2841970
3665340
2877916
3620884
2991362
2066357
735371
1153041
2013127
363215
2798573
1644360
725076
2739071
4811220
3620349
2832351
2784082
2823683
796209
2862899
2814296
1667118
2781943
1537379
3706041
3676839
3621953
1572612
1912948
3008554
3730133
757281
2693737
1938636
2854584
1621844
4761639
1558037
3007744
1148822
737368
1112125
3605748
734674
1159830
1479272
747231
921061
2183384
1680332
387756
2888550
1332620
3681938
721786
1572696
3691619
3656855
2883166
2132551
2764807
1963342
3904357
2855216
2976383
2914270
2935559
4962069
1630044
2881399
1110158
927490
2788677
2022220
3631820
1118305
2659463
2971941
4901990
3021628
2849665
1129117
1956808
2009455
723562
2916305
1084318
2739773
512546
1974834
2834768
3354004
2027413
2882329
1112291
2130321
2065589
2728037
2889336
2060517
2760661
2759344
1653747
2106612
3690783
4710150
971759
256806
1557806
1115669
3016132
3682515
1137860
2929850
158624
1140477
2872476
3015130
3714068
1223147
1109698
2725686
2955207
2785947
2012722
4960036
705890
2855802
4691831
3676660
2629628
1671462
1668659
2023097
1338876
3730348
766950
2146116
2710132
1909072
776209
3355471
1170790
2916035
737252
2771249
364447
762329
1933479
2819564
2424513
1119327
1560609
3030374
3760268
2877215
1109215
2785901
3762376
384661
4810409
1622832
2800305
4709276
469402
4749426
2039930
3657477
1618403
4807880
2892895
2009885
3604984
1537944
1540906
1609640
1602202
1636521
1332934
1624776
1654720
763926
2015725
1596493
1620205
2867892
1644065
2733984
953571
2882967
758684
769802
1251093
2895618
1606773
2021538
4763654
529408
2791209
2182960
1653934
737957
2910514
2845283
2816860
2727831
1595718
3015618
1611540
4778086
256393
2075057
1971693
1263295
1575016
2905810
2808565
1079314
3652040
1597183
3016465
2146043
1548158
1566200
2994506
2715885
3021855
3002568
3049992
1994854
715805
2922097
4773553
2166753
914561
2865040
3712599
2643169
741053
4741718
2990446
762551
2972762
530519
4708591
2711200
707711
1653903
730093
1589650
4910604
1968330
3674806
1143416
2948008
2781847
198568
784423
2958851
